Number Attribute Specialty Credit CreditGroup Term      
10610183 1 4 3 0 1
10610193 1 4 3 0 2
10610204 1 4 4 0 3
10610224 1 4 4 0 4
10720011 1 4 1 0 1
10720021 1 4 1 0 2
10720031 1 4 1 0 3
10720041 1 4 1 0 4
10720110 1 4 0 0 5
10720120 1 4 0 0 6
30720212 1 4 2 0 1
30720222 1 4 2 0 2
30720232 1 4 2 0 3
30720242 1 4 2 0 4
30720252 1 4 2 0 5
30720262 1 4 2 0 6
00640192 2 4 2 2 1,2,3,4
00640212 2 4 2 2 1,2,3,4
00640242 2 4 2 2 1,2,3,4
00640252 2 4 2 2 1,2,3,4
00640272 2 4 2 2 1,2,3,4
00640312 2 4 2 2 1,2,3,4
00640562 2 4 2 2 1,2,3,4
00640862 2 4 2 2 1,2,3,4
00640962 2 4 2 2 1,2,3,4
00640972 2 4 2 2 1,2,3,4
00641022 2 4 2 2 1,2,3,4
00641132 2 4 2 2 1,2,3,4
00641302 2 4 2 2 1,2,3,4
00641332 2 4 2 2 1,2,3,4
00641382 2 4 2 2 1,2,3,4
00641442 2 4 2 2 1,2,3,4
00641452 2 4 2 2 1,2,3,4
00641502 2 4 2 2 1,2,3,4
00641552 2 4 2 2 1,2,3,4
00641603 2 4 2 2 1,2,3,4
00641632 2 4 2 2 1,2,3,4
00641642 2 4 2 2 1,2,3,4
00641662 2 4 2 2 1,2,3,4
00641672 2 4 2 2 1,2,3,4
00641682 2 4 2 2 1,2,3,4
00641713 2 4 3 2 1,2,3,4
00641731 2 4 1 2 1,2,3,4
00641752 2 4 2 2 1,2,3,4
00641772 2 4 2 2 1,2,3,4
00641793 2 4 3 2 1,2,3,4
00641803 2 4 3 2 1,2,3,4
00641813 2 4 3 2 1,2,3,4
00641842 2 4 2 2 1,2,3,4
00641852 2 4 2 2 1,2,3,4
00641862 2 4 2 2 1,2,3,4
00641883 2 4 3 2 1,2,3,4
00641892 2 4 2 2 1,2,3,4
00641903 2 4 3 2 1,2,3,4
10640352 2 4 2 2 1,2,3,4
10640532 2 4 2 2 1,2,3,4
10640682 2 4 2 2 1,2,3,4
10640982 2 4 2 2 1,2,3,4
10640992 2 4 2 2 1,2,3,4
10641012 2 4 2 2 1,2,3,4
10641022 2 4 2 2 1,2,3,4
10641032 2 4 2 2 1,2,3,4
10641042 2 4 2 2 1,2,3,4
10641052 2 4 2 2 1,2,3,4
10641062 2 4 2 2 1,2,3,4
10641072 2 4 2 2 1,2,3,4
10641082 2 4 2 2 1,2,3,4
10641092 2 4 2 2 1,2,3,4
10641102 2 4 2 2 1,2,3,4
10641132 2 4 2 2 1,2,3,4
10641142 2 4 2 2 1,2,3,4
10641172 2 4 2 2 1,2,3,4
10641182 2 4 2 2 1,2,3,4
10641192 2 4 2 2 1,2,3,4
10641202 2 4 2 2 1,2,3,4
10641232 2 4 2 2 1,2,3,4
10641354 2 4 4 2 1,2,3,4
10641482 2 4 2 2 1,2,3,4
10641492 2 4 2 2 1,2,3,4
10641502 2 4 2 2 1,2,3,4
10641512 2 4 2 2 1,2,3,4
10641522 2 4 2 2 1,2,3,4
10641532 2 4 2 2 1,2,3,4
30640032 2 4 2 2 1,2,3,4
30640102 2 4 2 2 1,2,3,4
30640112 2 4 2 2 1,2,3,4
30640122 2 4 2 2 1,2,3,4
30640132 2 4 2 2 1,2,3,4
30640162 2 4 2 2 1,2,3,4
30640182 2 4 2 2 1,2,3,4
30640192 2 4 2 2 1,2,3,4
30640262 2 4 2 2 1,2,3,4
30640294 2 4 4 2 1,2,3,4
30640304 2 4 4 2 1,2,3,4
30640312 2 4 2 2 1,2,3,4
30641082 2 4 2 2 1,2,3,4
30641122 2 4 2 2 1,2,3,4
30641182 2 4 2 2 1,2,3,4
30641222 2 4 2 2 1,2,3,4
30641252 2 4 2 2 1,2,3,4
30641312 2 4 2 2 1,2,3,4
30641322 2 4 2 2 1,2,3,4
30641484 2 4 4 2 1,2,3,4
30641494 2 4 4 2 1,2,3,4
30641514 2 4 4 2 1,2,3,4
30641524 2 4 4 2 1,2,3,4
30641534 2 4 4 2 1,2,3,4
30641544 2 4 4 2 1,2,3,4
30641572 2 4 2 2 1,2,3,4
30641582 2 4 2 2 1,2,3,4
30641592 2 4 2 2 1,2,3,4
30641634 2 4 4 2 1,2,3,4
30641652 2 4 2 2 1,2,3,4
30641662 2 4 2 2 1,2,3,4
30641684 2 4 4 2 1,2,3,4
30641702 2 4 2 2 1,2,3,4
30641712 2 4 2 2 1,2,3,4
30641734 2 4 4 2 1,2,3,4
30641752 2 4 2 2 1,2,3,4
30641763 2 4 3 2 1,2,3,4
30641773 2 4 3 2 1,2,3,4
30641784 2 4 4 2 1,2,3,4
30641794 2 4 4 2 1,2,3,4
30641813 2 4 3 2 1,2,3,4
30641842 2 4 2 2 1,2,3,4
30641852 2 4 2 2 1,2,3,4
30641862 2 4 2 2 1,2,3,4
30641883 2 4 3 2 1,2,3,4
40640022 2 4 2 2 1,2,3,4
40640052 2 4 2 2 1,2,3,4
40640082 2 4 2 2 1,2,3,4
40640582 2 4 2 2 1,2,3,4
40640682 2 4 2 2 1,2,3,4
40640712 2 4 2 2 1,2,3,4
40640722 2 4 2 2 1,2,3,4
40640732 2 4 2 2 1,2,3,4
40640742 2 4 2 2 1,2,3,4
40640752 2 4 2 2 1,2,3,4
40640772 2 4 2 2 1,2,3,4
40640802 2 4 2 2 1,2,3,4
40640812 2 4 2 2 1,2,3,4
40640852 2 4 2 2 1,2,3,4
40640862 2 4 2 2 1,2,3,4
40640932 2 4 2 2 1,2,3,4
40640962 2 4 2 2 1,2,3,4
40640972 2 4 2 2 1,2,3,4
40641002 2 4 2 2 1,2,3,4
40641112 2 4 2 2 1,2,3,4
40641132 2 4 2 2 1,2,3,4
40641162 2 4 2 2 1,2,3,4
40641172 2 4 2 2 1,2,3,4
40641232 2 4 2 2 1,2,3,4
40641242 2 4 2 2 1,2,3,4
40641343 2 4 3 2 1,2,3,4
40641352 2 4 2 2 1,2,3,4
40641382 2 4 2 2 1,2,3,4
40641392 2 4 2 2 1,2,3,4
40641403 2 4 3 2 1,2,3,4
40641413 2 4 3 2 1,2,3,4
40641423 2 4 3 2 1,2,3,4
40641453 2 4 3 2 1,2,3,4
40641473 2 4 3 2 1,2,3,4
40641492 2 4 2 2 1,2,3,4
40641503 2 4 3 2 1,2,3,4
00640192 2 4 2 3 1,2
00640272 2 4 2 3 1,2
00640312 2 4 2 3 1,2
00640562 2 4 2 3 1,2
00640862 2 4 2 3 1,2
00640962 2 4 2 3 1,2
00640972 2 4 2 3 1,2
00641382 2 4 2 3 1,2
00641442 2 4 2 3 1,2
00641452 2 4 2 3 1,2
00641502 2 4 2 3 1,2
00641552 2 4 2 3 1,2
00641603 2 4 3 3 1,2
00641632 2 4 2 3 1,2
00641642 2 4 2 3 1,2
00641662 2 4 2 3 1,2
00641672 2 4 2 3 1,2
00641682 2 4 2 3 1,2
00641713 2 4 3 3 1,2
00641731 2 4 1 3 1,2
00641752 2 4 2 3 1,2
00641793 2 4 3 3 1,2
00641803 2 4 3 3 1,2
00641813 2 4 3 3 1,2
00641842 2 4 2 3 1,2
00641852 2 4 2 3 1,2
00641862 2 4 2 3 1,2
00641883 2 4 3 3 1,2
00641892 2 4 2 3 1,2
00641903 2 4 3 3 1,2
10640352 2 4 2 3 1,2
10640532 2 4 2 3 1,2
10640682 2 4 2 3 1,2
10640982 2 4 2 3 1,2
10641042 2 4 2 3 1,2
10641082 2 4 2 3 1,2
10641092 2 4 2 3 1,2
10641132 2 4 2 3 1,2
10641142 2 4 2 3 1,2
10641354 2 4 4 3 1,2
10641482 2 4 2 3 1,2
10641492 2 4 2 3 1,2
10641502 2 4 2 3 1,2
10641512 2 4 2 3 1,2
30640032 2 4 2 3 1,2
30640102 2 4 2 3 1,2
30640112 2 4 2 3 1,2
30640122 2 4 2 3 1,2
30640132 2 4 2 3 1,2
30640162 2 4 2 3 1,2
30640182 2 4 2 3 1,2
30640192 2 4 2 3 1,2
30640262 2 4 2 3 1,2
30640294 2 4 4 3 1,2
30640304 2 4 4 3 1,2
30640312 2 4 2 3 1,2
30641082 2 4 2 3 1,2
30641122 2 4 2 3 1,2
30641182 2 4 2 3 1,2
30641222 2 4 2 3 1,2
30641252 2 4 2 3 1,2
30641312 2 4 2 3 1,2
30641322 2 4 2 3 1,2
30641484 2 4 4 3 1,2
30641494 2 4 4 3 1,2
30641514 2 4 4 3 1,2
30641524 2 4 4 3 1,2
30641534 2 4 4 3 1,2
30641544 2 4 4 3 1,2
30641572 2 4 2 3 1,2
30641582 2 4 2 3 1,2
30641592 2 4 2 3 1,2
30641634 2 4 4 3 1,2
30641652 2 4 2 3 1,2
30641662 2 4 2 3 1,2
30641684 2 4 4 3 1,2
30641702 2 4 2 3 1,2
30641712 2 4 2 3 1,2
30641734 2 4 4 3 1,2
30641752 2 4 2 3 1,2
30641763 2 4 3 3 1,2
30641773 2 4 3 3 1,2
30641784 2 4 4 3 1,2
30641794 2 4 4 3 1,2
30641813 2 4 3 3 1,2
30641842 2 4 2 3 1,2
30641852 2 4 2 3 1,2
30641862 2 4 2 3 1,2
30641883 2 4 2 3 1,2
40640022 2 4 2 3 1,2
40640052 2 4 2 3 1,2
40640082 2 4 2 3 1,2
40640582 2 4 2 3 1,2
40640682 2 4 2 3 1,2
40640712 2 4 2 3 1,2
40640722 2 4 2 3 1,2
40640732 2 4 2 3 1,2
40640742 2 4 2 3 1,2
40640752 2 4 2 3 1,2
40640772 2 4 2 3 1,2
40640802 2 4 2 3 1,2
40640812 2 4 2 3 1,2
40640852 2 4 2 3 1,2
40640862 2 4 2 3 1,2
40640932 2 4 2 3 1,2
40640962 2 4 2 3 1,2
40640972 2 4 2 3 1,2
40641002 2 4 2 3 1,2
40641112 2 4 2 3 1,2
40641132 2 4 2 3 1,2
40641162 2 4 2 3 1,2
40641172 2 4 2 3 1,2
40641232 2 4 2 3 1,2
40641242 2 4 2 3 1,2
40641343 2 4 3 3 1,2
40641352 2 4 2 3 1,2
40641382 2 4 2 3 1,2
40641392 2 4 2 3 1,2
40641403 2 4 3 3 1,2
40641413 2 4 3 3 1,2
40641423 2 4 3 3 1,2
40641453 2 4 3 3 1,2
40641473 2 4 3 3 1,2
40641492 2 4 2 3 1,2
40641503 2 4 3 3 1,2
20041 2 4 1 4 1,2,3,4,5,6,7,8
50071 2 4 1 4 1,2,3,4,5,6,7,8
120181 2 4 1 4 1,2,3,4,5,6,7,8
140122 2 4 2 4 1,2,3,4,5,6,7,8
420152 2 4 2 4 1,2,3,4,5,6,7,8
430093 2 4 3 4 1,2,3,4,5,6,7,8
430093 2 4 3 4 1,2,3,4,5,6,7,8
640282 2 4 2 4 1,2,3,4,5,6,7,8
640282 2 4 2 4 1,2,3,4,5,6,7,8
640993 2 4 3 4 1,2,3,4,5,6,7,8
641452 2 4 2 4 1,2,3,4,5,6,7,8
641452 2 4 2 4 1,2,3,4,5,6,7,8
670143 2 4 3 4 1,2,3,4,5,6,7,8
670241 2 4 1 4 1,2,3,4,5,6,7,8
680042 2 4 2 4 1,2,3,4,5,6,7,8
680082 2 4 2 4 1,2,3,4,5,6,7,8
690262 2 4 2 4 1,2,3,4,5,6,7,8
690262 2 4 2 4 1,2,3,4,5,6,7,8
690292 2 4 2 4 1,2,3,4,5,6,7,8
690672 2 4 2 4 1,2,3,4,5,6,7,8
690702 2 4 2 4 1,2,3,4,5,6,7,8
690793 2 4 3 4 1,2,3,4,5,6,7,8
690803 2 4 3 4 1,2,3,4,5,6,7,8
690863 2 4 3 4 1,2,3,4,5,6,7,8
691153 2 4 3 4 1,2,3,4,5,6,7,8
691223 2 4 3 4 1,2,3,4,5,6,7,8
691263 2 4 3 4 1,2,3,4,5,6,7,8
691272 2 4 2 4 1,2,3,4,5,6,7,8
691383 2 4 3 4 1,2,3,4,5,6,7,8
691383 2 4 3 4 1,2,3,4,5,6,7,8
700302 2 4 2 4 1,2,3,4,5,6,7,8
700722 2 4 2 4 1,2,3,4,5,6,7,8
700752 2 4 2 4 1,2,3,4,5,6,7,8
700852 2 4 2 4 1,2,3,4,5,6,7,8
701344 2 4 4 4 1,2,3,4,5,6,7,8
781872 2 4 2 4 1,2,3,4,5,6,7,8
781872 2 4 2 4 1,2,3,4,5,6,7,8
781892 2 4 2 4 1,2,3,4,5,6,7,8
781912 2 4 2 4 1,2,3,4,5,6,7,8
800032 2 4 2 4 1,2,3,4,5,6,7,8
800042 2 4 2 4 1,2,3,4,5,6,7,8
802961 2 4 1 4 1,2,3,4,5,6,7,8
990021 2 4 1 4 1,2,3,4,5,6,7,8
1510022 2 4 2 4 1,2,3,4,5,6,7,8
1510142 2 4 2 4 1,2,3,4,5,6,7,8
1510162 2 4 2 4 1,2,3,4,5,6,7,8
1510162 2 4 2 4 1,2,3,4,5,6,7,8
1510162 2 4 2 4 1,2,3,4,5,6,7,8
10510103 2 4 3 4 1,2,3,4,5,6,7,8
10510103 2 4 3 4 1,2,3,4,5,6,7,8
10510173 2 4 3 4 1,2,3,4,5,6,7,8
10510173 2 4 3 4 1,2,3,4,5,6,7,8
10510173 2 4 3 4 1,2,3,4,5,6,7,8
10510173 2 4 3 4 1,2,3,4,5,6,7,8
10510173 2 4 3 4 1,2,3,4,5,6,7,8
10660012 2 4 3 4 1,2,3,4,5,6,7,8
10660023 2 4 3 4 1,2,3,4,5,6,7,8
10660033 2 4 3 4 1,2,3,4,5,6,7,8
10691093 2 4 3 4 1,2,3,4,5,6,7,8
10691133 2 4 3 4 1,2,3,4,5,6,7,8
10691143 2 4 3 4 1,2,3,4,5,6,7,8
10691153 2 4 3 4 1,2,3,4,5,6,7,8
10691163 2 4 3 4 1,2,3,4,5,6,7,8
10691173 2 4 3 4 1,2,3,4,5,6,7,8
10800163 2 4 3 4 1,2,3,4,5,6,7,8
11030013 2 4 3 4 1,2,3,4,5,6,7,8
11030013 2 4 3 4 1,2,3,4,5,6,7,8
11510013 2 4 3 4 1,2,3,4,5,6,7,8
11510013 2 4 3 4 1,2,3,4,5,6,7,8
11510013 2 4 3 4 1,2,3,4,5,6,7,8
11510023 2 4 3 4 1,2,3,4,5,6,7,8
11510033 2 4 3 4 1,2,3,4,5,6,7,8
14700013 2 4 3 4 1,2,3,4,5,6,7,8
40700273 2 4 3 4 1,2,3,4,5,6,7,8
S1510021 2 4 1 4 1,2,3,4,5,6,7,8
S1510031 2 4 1 4 1,2,3,4,5,6,7,8
S1510041 2 4 1 4 1,2,3,4,5,6,7,8
S1510051 2 4 1 4 1,2,3,4,5,6,7,8
30052 2 4 2 4 1,2,3,4,5,6,7,8
40091 2 4 1 4 1,2,3,4,5,6,7,8
50041 2 4 1 4 1,2,3,4,5,6,7,8
120152 2 4 2 4 1,2,3,4,5,6,7,8
130201 2 4 1 4 1,2,3,4,5,6,7,8
130221 2 4 1 4 1,2,3,4,5,6,7,8
140031 2 4 1 4 1,2,3,4,5,6,7,8
150021 2 4 1 4 1,2,3,4,5,6,7,8
150051 2 4 1 4 1,2,3,4,5,6,7,8
220072 2 4 2 4 1,2,3,4,5,6,7,8
230091 2 4 1 4 1,2,3,4,5,6,7,8
230162 2 4 2 4 1,2,3,4,5,6,7,8
240151 2 4 1 4 1,2,3,4,5,6,7,8
250082 2 4 2 4 1,2,3,4,5,6,7,8
250171 2 4 1 4 1,2,3,4,5,6,7,8
260011 2 4 1 4 1,2,3,4,5,6,7,8
260092 2 4 2 4 1,2,3,4,5,6,7,8
340031 2 4 1 4 1,2,3,4,5,6,7,8
340051 2 4 1 4 1,2,3,4,5,6,7,8
340081 2 4 1 4 1,2,3,4,5,6,7,8
420191 2 4 1 4 1,2,3,4,5,6,7,8
430141 2 4 1 4 1,2,3,4,5,6,7,8
440101 2 4 1 4 1,2,3,4,5,6,7,8
450111 2 4 1 4 1,2,3,4,5,6,7,8
450121 2 4 1 4 1,2,3,4,5,6,7,8
450141 2 4 1 4 1,2,3,4,5,6,7,8
450221 2 4 1 4 1,2,3,4,5,6,7,8
510311 2 4 1 4 1,2,3,4,5,6,7,8
510381 2 4 1 4 1,2,3,4,5,6,7,8
640491 2 4 1 4 1,2,3,4,5,6,7,8
641742 2 4 2 4 1,2,3,4,5,6,7,8
700381 2 4 1 4 1,2,3,4,5,6,7,8
700431 2 4 1 4 1,2,3,4,5,6,7,8
700481 2 4 1 4 1,2,3,4,5,6,7,8
701151 2 4 1 4 1,2,3,4,5,6,7,8
4100012 2 4 2 4 1,2,3,4,5,6,7,8
4100041 2 4 1 4 1,2,3,4,5,6,7,8
10421055 1 4 5 0 1
10421065 1 4 5 0 2
10421094 1 4 4 0 1
10421102 1 4 2 0 2
10420803 1 4 3 0 4
10430484 1 4 4 0 2
10430494 1 4 4 0 3
10430782 1 4 2 0 3
10430792 1 4 2 0 4
20740102 1 4 3 0 2
40250074 1 4 4 0 6
30310822 1 4 2 0 6
20740042 1 4 2 0 1
20220044 1 4 4 0 2
20120152 1 4 2 0 1
20120172 1 4 2 0 3
20310394 1 4 4 0 4
20120103 1 4 3 0 6
30310753 1 4 3 0 4
20310334 1 4 4 0 3
20310423 1 4 3 0 4
40310643 1 4 3 0 6
30310473 1 4 3 0 5
30310513 1 4 3 0 5
30310553 1 4 3 0 5
40310543 1 4 3 0 6
30310633 1 4 3 0 6
310072 1 4 2 0 2
40310824 1 4 4 0 5
30310743 1 4 3 0 5
30160112 1 4 2 0 3
12090043 1 4 3 0 1,2,3,4,5,6,7,8
21510123 1 4 3 0 1,2,3,4,5,6,7,8
10310062 1 4 2 0 1,2,3,4,5,6,7,8
40310314 1 4 3 0 1,2,3,4,5,6,7,8

